0.607367,-0.487608,2.6645,-1.0967,-2.58231,0.96417,-0.797571
0.594847,-0.473428,2.66268,-1.08894,-2.57916,0.978266,-0.77776
0.592657,-0.461602,2.65992,-1.08107,-2.57497,0.987944,-0.750458
0.593922,-0.449901,2.65726,-1.06987,-2.56977,0.997823,-0.718107
0.59608,-0.437556,2.65465,-1.05619,-2.5641,1.00917,-0.682161
0.598115,-0.424525,2.6522,-1.04111,-2.55794,1.02209,-0.643235
0.599641,-0.41092,2.64988,-1.02489,-2.55112,1.03649,-0.600944
0.600314,-0.396906,2.64772,-1.00841,-2.54353,1.05212,-0.55547
0.599772,-0.382786,2.64577,-0.992879,-2.53507,1.06856,-0.507214
0.59776,-0.368968,2.64385,-0.978987,-2.5255,1.08541,-0.456338
0.594138,-0.355765,2.64151,-0.966299,-2.51469,1.10239,-0.402893
0.588849,-0.343369,2.63858,-0.955082,-2.50298,1.11912,-0.348836
0.582105,-0.331994,2.63508,-0.945984,-2.49089,1.13512,-0.296855
0.574337,-0.321818,2.63117,-0.939299,-2.47882,1.14991,-0.248754
0.565981,-0.312958,2.62714,-0.935556,-2.4672,1.16302,-0.205979
0.557401,-0.305538,2.62326,-0.93514,-2.45626,1.1742,-0.169095
0.548841,-0.299615,2.61971,-0.936823,-2.44585,1.18362,-0.136966
0.540405,-0.294982,2.61644,-0.93966,-2.43601,1.19168,-0.108381
0.532105,-0.291382,2.61355,-0.943861,-2.42691,1.19862,-0.0832435
0.523845,-0.288678,2.61115,-0.948972,-2.4184,1.20469,-0.0606768
0.515592,-0.286741,2.60918,-0.95466,-2.41037,1.21013,-0.0399283
0.507335,-0.285402,2.60756,-0.960279,-2.40278,1.21514,-0.0203091
0.499101,-0.284472,2.60622,-0.966241,-2.39578,1.21976,-0.00221583
0.490867,-0.283933,2.60523,-0.972485,-2.38927,1.224,0.0144823
0.482616,-0.28373,2.60453,-0.978622,-2.38313,1.22797,0.0303479
0.474388,-0.283784,2.60406,-0.984913,-2.37742,1.23168,0.0451614
0.466118,-0.284057,2.60382,-0.991119,-2.37206,1.23517,0.0592523
0.457832,-0.28453,2.60382,-0.997506,-2.36711,1.23846,0.072371
0.44952,-0.285233,2.60401,-1.00366,-2.3624,1.24164,0.085176
0.441208,-0.286061,2.60436,-1.00957,-2.35803,1.24471,0.097586
0.432834,-0.286987,2.60492,-1.01572,-2.35409,1.24764,0.109162
0.424249,-0.288083,2.60575,-1.02192,-2.35042,1.25046,0.120453
0.415492,-0.289345,2.60678,-1.028,-2.34698,1.25321,0.131676
0.406688,-0.290735,2.60793,-1.03374,-2.34376,1.25593,0.142918
0.397915,-0.292154,2.60918,-1.03915,-2.34085,1.25858,0.153931
0.389152,-0.293592,2.61062,-1.04464,-2.33834,1.26111,0.164208
0.380203,-0.295122,2.61225,-1.05014,-2.33608,1.26355,0.174329
0.371019,-0.296743,2.61409,-1.05553,-2.33406,1.26593,0.184422
0.361674,-0.298449,2.61605,-1.06069,-2.33226,1.26828,0.194592
0.352313,-0.300206,2.6181,-1.06543,-2.33067,1.27061,0.204896
0.343021,-0.301921,2.62022,-1.06975,-2.3294,1.27288,0.21508
0.333775,-0.30359,2.62253,-1.07405,-2.32855,1.27505,0.224643
0.324408,-0.305288,2.62502,-1.07824,-2.32796,1.27711,0.234136
0.314866,-0.30702,2.6277,-1.08227,-2.32762,1.27912,0.243686
0.305131,-0.308779,2.63054,-1.08613,-2.32753,1.28108,0.253327
0.2952,-0.310559,2.63353,-1.08981,-2.32767,1.28303,0.263063
0.285031,-0.312349,2.63666,-1.09331,-2.32805,1.28498,0.272927
0.274632,-0.314149,2.63994,-1.09659,-2.32866,1.28693,0.282902
0.264113,-0.315971,2.6433,-1.09958,-2.32944,1.28888,0.293045
0.253662,-0.317802,2.64668,-1.10215,-2.33036,1.29084,0.303377
0.243379,-0.319559,2.65007,-1.10432,-2.33148,1.29275,0.313624
0.233236,-0.321241,2.65358,-1.10646,-2.33291,1.2946,0.323277
0.22305,-0.322914,2.65716,-1.10845,-2.33448,1.29636,0.332892
0.212767,-0.324573,2.66079,-1.11023,-2.33616,1.29812,0.342594
0.202375,-0.326209,2.66447,-1.11178,-2.33795,1.2999,0.352397
0.19187,-0.327812,2.66818,-1.11309,-2.33984,1.30172,0.362307
0.181257,-0.329378,2.6719,-1.11415,-2.34184,1.3036,0.372325
0.170534,-0.330902,2.67565,-1.11497,-2.34393,1.30553,0.382459
0.159704,-0.332383,2.67942,-1.11553,-2.3461,1.30753,0.392713
0.148769,-0.333816,2.6832,-1.11585,-2.34836,1.30958,0.40309
0.137733,-0.335194,2.68699,-1.11589,-2.35069,1.31171,0.413594
0.126603,-0.336511,2.69078,-1.11565,-2.35309,1.3139,0.424228
0.115382,-0.337765,2.69457,-1.11513,-2.35556,1.31617,0.435006
0.104071,-0.338956,2.69835,-1.11431,-2.35808,1.31853,0.445953
0.0926728,-0.340081,2.70211,-1.11318,-2.36064,1.32097,0.457076
0.0811918,-0.341136,2.70585,-1.11174,-2.36323,1.32353,0.46838
0.0696335,-0.342118,2.70956,-1.10999,-2.36585,1.32619,0.479868
0.0580026,-0.343023,2.71325,-1.10793,-2.36848,1.32896,0.491544
0.0463051,-0.343846,2.71689,-1.10554,-2.37113,1.33185,0.50341
0.0345488,-0.344582,2.72049,-1.10284,-2.37379,1.33487,0.515474
0.0227377,-0.345222,2.72404,-1.0998,-2.37644,1.33802,0.527746
0.0108769,-0.345758,2.72754,-1.09644,-2.3791,1.34131,0.540235
-0.00102993,-0.346184,2.73099,-1.09275,-2.38174,1.34474,0.552931
-0.0129756,-0.346495,2.73439,-1.08872,-2.38435,1.3483,0.565812
-0.0249515,-0.346682,2.73774,-1.08436,-2.38692,1.35198,0.578869
-0.0369427,-0.34674,2.74102,-1.07964,-2.38942,1.3558,0.592101
-0.0489366,-0.346659,2.74424,-1.07457,-2.39186,1.35975,0.60551
-0.0609239,-0.346436,2.74739,-1.06915,-2.39421,1.36385,0.6191
-0.0728939,-0.346066,2.75048,-1.06337,-2.39647,1.36811,0.632874
-0.0848362,-0.345549,2.75349,-1.05728,-2.39863,1.37251,0.646828
-0.0967409,-0.344884,2.75643,-1.05087,-2.40067,1.37705,0.66096
-0.1086,-0.344071,2.7593,-1.04415,-2.40258,1.38174,0.675273
-0.120408,-0.343107,2.76209,-1.03713,-2.40437,1.38658,0.689763
-0.13216,-0.34199,2.7648,-1.0298,-2.40601,1.39155,0.704433
-0.143854,-0.340717,2.76742,-1.02217,-2.40749,1.39667,0.719287
-0.155483,-0.339278,2.76993,-1.01422,-2.40878,1.40193,0.734324
-0.167034,-0.337663,2.77232,-1.00594,-2.40987,1.40734,0.749539
-0.178495,-0.335862,2.77456,-0.997316,-2.41074,1.41291,0.764929
-0.189853,-0.333876,2.77661,-0.988359,-2.41136,1.41864,0.780471
-0.201102,-0.331431,2.77815,-0.978391,-2.4116,1.42468,0.79642
-0.212356,-0.328508,2.77938,-0.967068,-2.4114,1.43118,0.812634
-0.223039,-0.325815,2.77978,-0.955242,-2.41048,1.4383,0.828956
-0.231915,-0.324357,2.77874,-0.944368,-2.40876,1.44546,0.84444
-0.23885,-0.324301,2.7765,-0.936805,-2.40711,1.45032,0.85458
-0.244526,-0.326234,2.77407,-0.938529,-2.40702,1.45031,0.851876
-0.248723,-0.330426,2.77007,-0.945863,-2.40758,1.44551,0.841148
-0.251703,-0.336298,2.76447,-0.954767,-2.40785,1.43827,0.827275
-0.253977,-0.343104,2.75777,-0.963685,-2.40754,1.43029,0.812329
-0.255882,-0.350295,2.75033,-0.972205,-2.40657,1.42235,0.797057
-0.257576,-0.357552,2.74235,-0.980317,-2.40497,1.41468,0.781663
-0.259121,-0.364717,2.73393,-0.988097,-2.40276,1.40728,0.766176
-0.260539,-0.371714,2.72513,-0.995612,-2.4,1.4001,0.750577
-0.261839,-0.378513,2.71603,-1.0029,-2.39671,1.39309,0.734853
-0.263034,-0.385105,2.70665,-1.00997,-2.39293,1.38621,0.719005
-0.264123,-0.391475,2.69704,-1.01685,-2.38867,1.37943,0.703039
-0.265109,-0.397613,2.68721,-1.02354,-2.38395,1.37273,0.686957
-0.265996,-0.403516,2.67719,-1.03006,-2.37877,1.3661,0.670758
-0.266792,-0.409184,2.66697,-1.03644,-2.37317,1.35954,0.654449
-0.267509,-0.414613,2.6566,-1.04268,-2.36718,1.35304,0.638039
-0.268154,-0.419804,2.64608,-1.0488,-2.36081,1.3466,0.621534
-0.268745,-0.424757,2.63545,-1.05481,-2.3541,1.3402,0.604941
-0.269301,-0.429469,2.62477,-1.06071,-2.34705,1.3338,0.588265
-0.269835,-0.433942,2.61405,-1.06651,-2.3397,1.32742,0.571516
-0.270354,-0.43818,2.60332,-1.0722,-2.33204,1.32104,0.554699
-0.270864,-0.44219,2.59261,-1.0778,-2.32411,1.31466,0.537821
-0.271373,-0.445979,2.58192,-1.08332,-2.31592,1.30828,0.520885
-0.271884,-0.449556,2.57128,-1.08876,-2.30747,1.30189,0.503894
-0.272401,-0.452925,2.5607,-1.09414,-2.29877,1.2955,0.48685
-0.27288,-0.456057,2.55015,-1.09948,-2.2898,1.28912,0.469773
-0.273364,-0.458966,2.53968,-1.10477,-2.28054,1.28275,0.452675
-0.27389,-0.461728,2.52929,-1.10997,-2.27104,1.27642,0.435559
-0.274511,-0.464435,2.51898,-1.11506,-2.26136,1.27008,0.418339
-0.275335,-0.467091,2.50879,-1.12013,-2.25147,1.26338,0.400645
-0.276364,-0.469752,2.49883,-1.12585,-2.24132,1.25598,0.381942
-0.277499,-0.472362,2.48908,-1.13178,-2.23093,1.24819,0.362832
-0.278719,-0.474882,2.4796,-1.13777,-2.22033,1.24022,0.343562
-0.280012,-0.477297,2.4704,-1.14376,-2.20956,1.23219,0.324231
-0.281369,-0.479607,2.46151,-1.14976,-2.19864,1.2241,0.304864
-0.282786,-0.481828,2.45297,-1.15575,-2.18759,1.21597,0.285461
-0.284263,-0.483973,2.44481,-1.16174,-2.17645,1.20777,0.266038
-0.285803,-0.486055,2.43704,-1.16774,-2.16522,1.19951,0.246604
-0.287374,-0.48806,2.42966,-1.17378,-2.1539,1.1912,0.227168
-0.289016,-0.490007,2.42269,-1.1798,-2.14248,1.18283,0.207744
-0.290764,-0.49197,2.41613,-1.18579,-2.13097,1.17443,0.18832
-0.292648,-0.494052,2.40998,-1.19169,-2.11939,1.16597,0.168782
-0.294757,-0.496251,2.40427,-1.19758,-2.10763,1.15712,0.148702
-0.297078,-0.49859,2.39911,-1.20407,-2.09548,1.14759,0.127445
-0.299536,-0.501021,2.39442,-1.21076,-2.08305,1.13777,0.105672
-0.302059,-0.503479,2.39012,-1.21754,-2.07033,1.1279,0.0836135
-0.304651,-0.505953,2.3862,-1.22433,-2.05734,1.11807,0.0613471
-0.307301,-0.508483,2.38258,-1.23109,-2.04405,1.10835,0.0389059
-0.31001,-0.51113,2.37923,-1.23782,-2.03044,1.09869,0.0161774
-0.31284,-0.513848,2.37617,-1.24459,-2.01625,1.0888,-0.00732072
-0.315745,-0.516586,2.37348,-1.25199,-2.00117,1.07854,-0.0323052
-0.318696,-0.519312,2.37105,-1.2596,-1.98536,1.0683,-0.0580745
-0.321656,-0.522043,2.3688,-1.26724,-1.96888,1.05828,-0.0843723
-0.324609,-0.524817,2.36671,-1.27488,-1.9517,1.04844,-0.111249
-0.327588,-0.527545,2.36478,-1.28258,-1.9335,1.03858,-0.139216
-0.330596,-0.530184,2.36313,-1.29086,-1.91389,1.02851,-0.169017
-0.33356,-0.532759,2.36162,-1.29932,-1.89309,1.0187,-0.199917
-0.336471,-0.535318,2.36021,-1.30779,-1.87114,1.00925,-0.231762
-0.339343,-0.537814,2.35889,-1.31636,-1.84774,0.999965,-0.26498
-0.342169,-0.540249,2.35781,-1.32552,-1.82244,0.990658,-0.300442
-0.344945,-0.542609,2.35689,-1.33498,-1.79523,0.981479,-0.337924
-0.347641,-0.544873,2.35627,-1.34512,-1.76573,0.972419,-0.378052
-0.350286,-0.54704,2.35592,-1.35558,-1.734,0.963671,-0.420473
-0.352838,-0.549107,2.35595,-1.36673,-1.69969,0.955363,-0.465739
-0.355292,-0.551116,2.35632,-1.37821,-1.66283,0.94746,-0.513535
-0.357676,-0.552972,2.35735,-1.39046,-1.62288,0.939687,-0.564818
-0.360064,-0.554643,2.35941,-1.40364,-1.57964,0.932107,-0.620048
-0.362563,-0.556155,2.36287,-1.41781,-1.5329,0.924878,-0.679519
-0.365142,-0.557586,2.36793,-1.43309,-1.48283,0.918234,-0.743026
-0.367671,-0.558994,2.37483,-1.44963,-1.42913,0.912307,-0.810928
-0.370095,-0.560144,2.38387,-1.46751,-1.37109,0.907338,-0.884068
-0.372414,-0.560575,2.39548,-1.48687,-1.30824,0.904034,-0.963163
-0.374694,-0.560173,2.40967,-1.50689,-1.2424,0.903343,-1.04596
-0.376943,-0.559114,2.42604,-1.52665,-1.17628,0.905675,-1.1291
-0.379134,-0.557644,2.44388,-1.54523,-1.11157,0.910993,-1.21048
-0.38104,-0.556039,2.46236,-1.56235,-1.05016,0.919261,-1.28776
-0.382521,-0.554517,2.48066,-1.57772,-0.993371,0.929867,-1.35918
-0.383529,-0.552983,2.49841,-1.59157,-0.941062,0.942311,-1.42485
-0.384029,-0.551487,2.51523,-1.60368,-0.893414,0.955621,-1.48463
-0.383961,-0.549421,2.53097,-1.61426,-0.849831,0.96966,-1.53949
-0.383194,-0.546382,2.54483,-1.62338,-0.811293,0.984204,-1.5889
-0.381339,-0.543409,2.55497,-1.63093,-0.783215,0.998218,-1.62955
-0.378267,-0.543382,2.55933,-1.63502,-0.77464,1.00848,-1.65567
-0.374281,-0.546842,2.55832,-1.63435,-0.784014,1.01253,-1.66764
-0.369488,-0.550998,2.55515,-1.63252,-0.798508,1.01325,-1.67403
-0.364227,-0.554983,2.55131,-1.63062,-0.813683,1.01264,-1.6784
-0.35861,-0.558689,2.54734,-1.62892,-0.828416,1.01167,-1.68218
-0.352602,-0.562188,2.54331,-1.62762,-0.84218,1.01056,-1.68578
-0.346235,-0.565548,2.53921,-1.62646,-0.855445,1.0095,-1.68938
-0.339646,-0.568776,2.53502,-1.62526,-0.868346,1.00853,-1.69286
-0.332934,-0.571863,2.53082,-1.62408,-0.880676,1.00762,-1.69612
-0.326039,-0.574844,2.52663,-1.62312,-0.892175,1.00668,-1.69913
-0.318792,-0.577786,2.52235,-1.62235,-0.903268,1.00573,-1.70209
-0.311182,-0.580693,2.51792,-1.62169,-0.914112,1.00479,-1.70498
-0.303301,-0.583529,2.51336,-1.62101,-0.924803,1.00389,-1.70774
-0.295341,-0.586238,2.50871,-1.62014,-0.935343,1.00306,-1.71025
-0.287431,-0.588795,2.5041,-1.61915,-0.945489,1.00231,-1.71243
-0.279509,-0.59123,2.4995,-1.61827,-0.954967,1.00154,-1.71428
-0.271435,-0.593596,2.49484,-1.61741,-0.964179,1.00079,-1.71603
-0.263163,-0.595909,2.49007,-1.61653,-0.973261,1.00006,-1.71768
-0.254681,-0.59817,2.48518,-1.61558,-0.98226,0.999345,-1.7192
-0.245985,-0.600373,2.48015,-1.61456,-0.991197,0.998657,-1.72056
-0.237075,-0.602507,2.47497,-1.61345,-1.00008,0.997994,-1.72175
-0.227867,-0.604567,2.4696,-1.61232,-1.00887,0.99732,-1.72277
-0.218388,-0.606524,2.46401,-1.61113,-1.01758,0.996681,-1.7236
-0.20876,-0.608329,2.45824,-1.60975,-1.02624,0.99614,-1.72421
-0.1992,-0.609929,2.45234,-1.60806,-1.03484,0.995769,-1.72449
-0.189857,-0.611301,2.44644,-1.60615,-1.04314,0.995585,-1.72437
-0.180655,-0.612466,2.44048,-1.60425,-1.05087,0.995461,-1.72384
-0.171391,-0.613462,2.43437,-1.60228,-1.05836,0.995431,-1.72315
-0.162008,-0.614299,2.42806,-1.60018,-1.06576,0.995504,-1.72229
-0.152482,-0.614971,2.42153,-1.59794,-1.0731,0.995693,-1.72122
-0.142811,-0.615471,2.41478,-1.59554,-1.08035,0.996007,-1.71998
-0.132998,-0.615794,2.4078,-1.59297,-1.08747,0.996451,-1.7186
-0.123047,-0.615932,2.4006,-1.59022,-1.09446,0.997028,-1.71709
-0.112965,-0.615877,2.39317,-1.58727,-1.10132,0.997744,-1.71544
-0.102755,-0.615622,2.38552,-1.58413,-1.10803,0.998603,-1.71365
-0.0924246,-0.615159,2.37765,-1.58078,-1.11462,0.99961,-1.7117
-0.0819784,-0.614479,2.36954,-1.57723,-1.12113,1.00077,-1.70954
-0.0714293,-0.613571,2.36118,-1.57347,-1.12755,1.00211,-1.70716
-0.0608023,-0.612427,2.35257,-1.5695,-1.13388,1.00362,-1.70453
-0.05011,-0.611037,2.34371,-1.56533,-1.1401,1.00533,-1.70167
-0.0393605,-0.609396,2.33459,-1.56094,-1.14623,1.00724,-1.69855
-0.028564,-0.607502,2.32522,-1.55635,-1.15227,1.00936,-1.69518
-0.0177306,-0.605347,2.3156,-1.55155,-1.15822,1.01172,-1.69153
-0.0068737,-0.602927,2.30573,-1.54654,-1.16408,1.01431,-1.68762
0.00399198,-0.600238,2.29564,-1.54131,-1.16985,1.01713,-1.68345
0.0148519,-0.597276,2.28532,-1.53588,-1.17552,1.02019,-1.67903
0.0256908,-0.594041,2.27478,-1.53024,-1.18109,1.02349,-1.67436
0.0364957,-0.590531,2.26403,-1.52439,-1.18655,1.02701,-1.66943
0.0472527,-0.586747,2.25307,-1.51833,-1.19192,1.03074,-1.66426
0.0579433,-0.582694,2.24193,-1.51208,-1.19719,1.03469,-1.65886
0.0685513,-0.578382,2.23064,-1.50563,-1.20238,1.03885,-1.65323
0.0790556,-0.573822,2.21922,-1.499,-1.2075,1.0432,-1.6474
0.0893549,-0.56903,2.20774,-1.49212,-1.21257,1.04776,-1.64136
0.099449,-0.564032,2.19624,-1.48499,-1.21759,1.05246,-1.63511
0.10943,-0.55885,2.18467,-1.47768,-1.22258,1.05721,-1.62863
0.119469,-0.553506,2.173,-1.47022,-1.22763,1.06193,-1.62191
0.129655,-0.54799,2.16114,-1.46243,-1.23303,1.06669,-1.61492
0.139856,-0.542286,2.14921,-1.45412,-1.23905,1.07169,-1.60772
0.149865,-0.536422,2.13739,-1.44543,-1.24529,1.0768,-1.6003
0.159594,-0.530436,2.12576,-1.43645,-1.25162,1.08207,-1.59274
0.169009,-0.524357,2.11437,-1.42722,-1.258,1.08751,-1.5851
0.178094,-0.51821,2.10322,-1.41777,-1.26442,1.09312,-1.57742
0.18685,-0.512007,2.09233,-1.40813,-1.27086,1.0989,-1.56974
0.195304,-0.505739,2.08171,-1.39829,-1.27745,1.10479,-1.56192
0.203376,-0.499426,2.0714,-1.38826,-1.28415,1.1108,-1.55411
0.211065,-0.493073,2.06142,-1.378,-1.29087,1.11687,-1.54634
0.218438,-0.486727,2.05168,-1.36753,-1.29757,1.12296,-1.5386
0.225637,-0.48043,2.0421,-1.35678,-1.30434,1.12904,-1.5308
0.232728,-0.474164,2.03255,-1.34551,-1.31147,1.13528,-1.52288
0.239628,-0.467892,2.02306,-1.3335,-1.31915,1.14193,-1.51497
0.246166,-0.461653,2.01376,-1.32099,-1.32699,1.14864,-1.50706
0.252281,-0.455475,2.00473,-1.30806,-1.33486,1.1553,-1.49918
0.258012,-0.449382,1.99595,-1.29475,-1.34276,1.16183,-1.49133
0.263425,-0.443401,1.98737,-1.281,-1.35078,1.16824,-1.4835
0.268543,-0.437513,1.97896,-1.26654,-1.35917,1.17465,-1.47567
0.273244,-0.43172,1.97079,-1.25111,-1.36814,1.1813,-1.46795
0.277544,-0.426037,1.9629,-1.23496,-1.37746,1.18789,-1.46013
0.281439,-0.420463,1.95521,-1.21792,-1.38725,1.1946,-1.45225
0.284849,-0.414987,1.94778,-1.1997,-1.39773,1.20172,-1.44444
0.287711,-0.409586,1.94056,-1.18033,-1.40876,1.20907,-1.43651
0.289919,-0.404262,1.93357,-1.15957,-1.42044,1.21689,-1.4286
0.291422,-0.39902,1.92673,-1.13737,-1.43268,1.22503,-1.42051
0.292018,-0.393907,1.92007,-1.11306,-1.44566,1.2338,-1.41237
0.291173,-0.389337,1.91371,-1.08556,-1.45897,1.2429,-1.40397
0.288845,-0.384972,1.90762,-1.05298,-1.47353,1.25265,-1.3934
0.285386,-0.378996,1.90082,-1.01619,-1.49156,1.26652,-1.38044
0.282161,-0.371004,1.89122,-0.976479,-1.51423,1.28667,-1.37151
0.276074,-0.361671,1.88041,-0.922529,-1.54472,1.31655,-1.37375
0.261117,-0.352257,1.87248,-0.846428,-1.581,1.35141,-1.38953
0.247049,-0.343004,1.86415,-0.797011,-1.6065,1.36392,-1.40983
0.247205,-0.335745,1.85029,-0.817433,-1.61273,1.3428,-1.42616
0.256,-0.332299,1.83748,-0.859867,-1.6079,1.31676,-1.45844
0.269522,-0.3314,1.82598,-0.903914,-1.59735,1.29159,-1.49715
0.284338,-0.331548,1.81556,-0.943924,-1.58459,1.26821,-1.53453
0.298237,-0.331972,1.80637,-0.978776,-1.57135,1.24705,-1.56835
0.310349,-0.332373,1.79833,-1.00911,-1.55833,1.22812,-1.59875
0.320579,-0.332619,1.7912,-1.03613,-1.54558,1.21087,-1.62673
0.329327,-0.332648,1.78474,-1.06124,-1.53288,1.19482,-1.65338
0.33668,-0.332553,1.77897,-1.08434,-1.52014,1.17997,-1.67893
0.343009,-0.332176,1.77359,-1.10647,-1.50701,1.16583,-1.70405
0.348483,-0.331606,1.76863,-1.12766,-1.49339,1.1526,-1.72879
0.353001,-0.330992,1.76417,-1.14743,-1.47945,1.14056,-1.75292
0.356828,-0.330168,1.7599,-1.16657,-1.46496,1.12918,-1.77703
0.360088,-0.329075,1.75577,-1.18522,-1.44968,1.11829,-1.80137
0.362885,-0.327673,1.75172,-1.20328,-1.43363,1.10795,-1.82574
0.36525,-0.326062,1.7478,-1.22047,-1.41719,1.09849,-1.84961
0.367036,-0.3244,1.74414,-1.23627,-1.40083,1.09014,-1.87248
0.368396,-0.322519,1.74055,-1.25147,-1.38428,1.08233,-1.89503
0.36938,-0.320403,1.73705,-1.26631,-1.36729,1.0749,-1.91762
0.370012,-0.318065,1.73366,-1.28085,-1.34978,1.06785,-1.94038
0.370301,-0.315515,1.73038,-1.29509,-1.33171,1.06114,-1.96333
0.370248,-0.312766,1.72722,-1.30901,-1.31308,1.05476,-1.98651
0.369851,-0.309826,1.72419,-1.32261,-1.29391,1.0487,-2.00988
0.369109,-0.30671,1.72131,-1.33588,-1.27423,1.04294,-2.03344
0.368033,-0.303434,1.7186,-1.3488,-1.25409,1.03745,-2.05719
0.366578,-0.300011,1.71608,-1.3614,-1.23346,1.03224,-2.08122
0.364785,-0.296442,1.71373,-1.37363,-1.21241,1.02733,-2.10547
0.362717,-0.292682,1.71148,-1.3854,-1.19099,1.02277,-2.12975
0.360463,-0.288695,1.70926,-1.39665,-1.16936,1.01864,-2.1537
0.358111,-0.284597,1.70711,-1.40724,-1.14811,1.01522,-2.17668
0.35556,-0.280564,1.70507,-1.4168,-1.12782,1.01263,-2.1982
0.352854,-0.27637,1.70303,-1.42591,-1.10773,1.01045,-2.21914
0.349984,-0.271955,1.70099,-1.43473,-1.08754,1.00862,-2.23983
0.34694,-0.267297,1.69893,-1.44329,-1.06714,1.00715,-2.26038
0.34372,-0.26238,1.69684,-1.45161,-1.04648,1.00606,-2.2808
0.340324,-0.257189,1.69469,-1.45967,-1.02556,1.00538,-2.30106
0.336759,-0.251699,1.69245,-1.46749,-1.00437,1.0051,-2.32113
0.333028,-0.245888,1.69007,-1.47506,-0.982907,1.00526,-2.34095
0.329137,-0.23973,1.68753,-1.48239,-0.961189,1.00585,-2.36047
0.325085,-0.233201,1.68478,-1.48946,-0.939236,1.00687,-2.3796
0.320937,-0.226283,1.68178,-1.49632,-0.917114,1.0083,-2.3982
0.316656,-0.218954,1.67854,-1.503,-0.894791,1.01011,-2.41625
0.312183,-0.211217,1.67509,-1.50955,-0.872199,1.01234,-2.43388
0.307414,-0.203069,1.67148,-1.51599,-0.849125,1.01498,-2.45139
0.302234,-0.194339,1.66768,-1.52236,-0.824886,1.0179,-2.46938
0.296712,-0.184794,1.66369,-1.52894,-0.798908,1.0211,-2.48821
0.290903,-0.174641,1.65952,-1.53537,-0.772271,1.02484,-2.50677
0.284885,-0.163934,1.65517,-1.54157,-0.74529,1.02907,-2.52475
0.278709,-0.152702,1.65066,-1.54752,-0.718068,1.03374,-2.54206
0.272425,-0.140981,1.64597,-1.55319,-0.690634,1.03871,-2.5587
0.26606,-0.128817,1.64109,-1.55859,-0.663018,1.04389,-2.57465
0.259626,-0.116247,1.63605,-1.56369,-0.635249,1.04922,-2.58992
0.253138,-0.103302,1.63087,-1.56851,-0.607341,1.05463,-2.6045
0.24661,-0.0900041,1.62556,-1.57302,-0.579309,1.06008,-2.61841
0.240121,-0.0763854,1.62013,-1.57726,-0.551243,1.06547,-2.63157
0.233635,-0.0624592,1.61464,-1.58122,-0.523073,1.07073,-2.64407
0.227096,-0.0482641,1.60918,-1.58493,-0.494749,1.07585,-2.65604
0.220402,-0.0338178,1.60383,-1.58838,-0.466127,1.08081,-2.66772
0.213438,-0.0189576,1.59862,-1.59152,-0.436482,1.08547,-2.67973
0.206266,-0.00345691,1.59361,-1.59452,-0.405187,1.08985,-2.69247
0.199068,0.0124024,1.58871,-1.59724,-0.373495,1.09395,-2.70476
0.191905,0.0285332,1.58391,-1.59964,-0.341602,1.09772,-2.71654
0.184783,0.0448682,1.57927,-1.60174,-0.309547,1.10112,-2.72786
0.177705,0.0613598,1.57488,-1.60354,-0.277219,1.10409,-2.73896
0.170546,0.0781654,1.57084,-1.60494,-0.243802,1.10651,-2.75053
0.163389,0.0954878,1.56731,-1.6061,-0.208726,1.10847,-2.76295
0.156303,0.113031,1.56429,-1.6069,-0.173073,1.10992,-2.77538
0.149269,0.130873,1.56189,-1.60724,-0.13633,1.11073,-2.78842
0.142346,0.149207,1.5604,-1.60726,-0.0977524,1.11095,-2.80271
0.135483,0.167892,1.55995,-1.60676,-0.0576015,1.11046,-2.81813
0.128704,0.187224,1.56098,-1.60578,-0.014599,1.10928,-2.83574
0.122096,0.207194,1.56401,-1.60417,0.0314697,1.10747,-2.8557
0.115446,0.228091,1.56986,-1.60188,0.0824245,1.10504,-2.87964
0.108909,0.250655,1.57947,-1.59956,0.142108,1.10207,-2.91108
0.103315,0.275605,1.59326,-1.59675,0.213991,1.09834,-2.95337
0.099731,0.304967,1.6104,-1.5908,0.302882,1.09353,-3.00964
0.0997416,0.339678,1.62833,-1.5793,0.406227,1.08866,-3.07578
0.104358,0.374602,1.64312,-1.56448,0.505552,1.08393,-3.13717
0.112449,0.404143,1.65299,-1.55077,0.587131,1.07743,-3.18551
0.133104,0.42615,1.66169,-1.56016,0.643197,1.07603,-3.20688
0.148521,0.447384,1.66674,-1.56025,0.696609,1.07005,-3.232
0.161817,0.467509,1.6688,-1.55624,0.745911,1.06192,-3.25683
0.175017,0.486993,1.66799,-1.55207,0.788538,1.05339,-3.27685
0.189669,0.503454,1.66431,-1.5549,0.813981,1.04512,-3.28312
0.204759,0.512745,1.65669,-1.5683,0.810464,1.03589,-3.26899
0.218739,0.519514,1.64654,-1.58608,0.792377,1.02879,-3.24457
0.231568,0.52617,1.63516,-1.60477,0.769292,1.02402,-3.21646
0.243579,0.533465,1.62332,-1.62301,0.745465,1.0207,-3.18754
0.255211,0.541378,1.61131,-1.64052,0.721886,1.01788,-3.15859
0.26666,0.550031,1.59932,-1.65713,0.699433,1.01521,-3.13017
0.266684,0.561893,1.58111,-1.65205,0.692103,1.00751,-3.12252
0.273752,0.571232,1.56674,-1.65753,0.675161,1.00034,-3.10177
0.283324,0.580097,1.55397,-1.6673,0.655458,0.99467,-3.07674
0.293789,0.589158,1.54205,-1.67857,0.635558,0.990063,-3.05065
0.304759,0.598243,1.53052,-1.69054,0.615141,0.985955,-3.02404
0.316111,0.607309,1.51919,-1.70279,0.594186,0.982104,-2.99715
0.327685,0.616323,1.50799,-1.71506,0.572779,0.97843,-2.97013
0.339303,0.625215,1.49686,-1.72719,0.551021,0.97494,-2.94311
0.350716,0.63391,1.48575,-1.73901,0.52916,0.971676,-2.91631
0.361662,0.642498,1.47465,-1.7502,0.507898,0.968586,-2.89014
0.372186,0.651161,1.46375,-1.76059,0.487842,0.965585,-2.86493
0.382595,0.659579,1.45303,-1.77052,0.467876,0.962751,-2.8402
0.393006,0.667613,1.44258,-1.78013,0.447868,0.960185,-2.8161
0.403482,0.675098,1.43255,-1.78946,0.427745,0.957991,-2.79282
0.414053,0.681886,1.42306,-1.79856,0.407365,0.956315,-2.77038
0.424725,0.687893,1.41413,-1.80745,0.386701,0.955228,-2.74872
0.435499,0.693071,1.40574,-1.81613,0.36568,0.954751,-2.72773
0.446356,0.697441,1.39785,-1.8246,0.344025,0.954871,-2.70705
0.457398,0.701096,1.39045,-1.83282,0.321777,0.955465,-2.6867
0.468568,0.704095,1.38356,-1.84079,0.299282,0.956465,-2.66694
0.479723,0.706426,1.37715,-1.8485,0.276739,0.957896,-2.64793
0.490623,0.708085,1.3711,-1.85594,0.254346,0.959756,-2.62973
0.500998,0.709247,1.3654,-1.86289,0.232883,0.961828,-2.61274
0.51089,0.710188,1.36023,-1.86924,0.212964,0.963843,-2.59721
0.520602,0.710642,1.35546,-1.87521,0.19337,0.965992,-2.5825
0.530276,0.710563,1.35106,-1.88088,0.173858,0.968335,-2.56852
0.539977,0.709938,1.34702,-1.88631,0.15437,0.970878,-2.55526
0.549738,0.708761,1.34333,-1.89151,0.134887,0.973605,-2.54271
0.559571,0.707031,1.34001,-1.89649,0.1154,0.976494,-2.53087
0.56948,0.704748,1.33703,-1.90125,0.0959098,0.979517,-2.51972
0.579465,0.701917,1.3344,-1.90577,0.0764054,0.982646,-2.50926
0.589523,0.698549,1.3321,-1.91003,0.0568819,0.985852,-2.49947
0.59965,0.69466,1.33013,-1.91403,0.0373362,0.989112,-2.49031
0.609841,0.690269,1.32848,-1.91776,0.0177694,0.992394,-2.48177
0.620096,0.685389,1.32716,-1.92121,-0.00182185,0.995668,-2.47384
0.630412,0.680036,1.32616,-1.92437,-0.0214422,0.998905,-2.4665
0.64079,0.674225,1.32547,-1.92723,-0.0410969,1.00207,-2.45972
0.651225,0.667967,1.32508,-1.92977,-0.0607953,1.00514,-2.45347
0.661708,0.661274,1.32495,-1.93201,-0.0805435,1.00808,-2.44771
0.67223,0.654165,1.32508,-1.93392,-0.100346,1.01086,-2.44237
0.682783,0.646668,1.32543,-1.93551,-0.120207,1.01347,-2.43742
0.693354,0.638814,1.32599,-1.93678,-0.140117,1.01589,-2.43277
0.70393,0.630634,1.32671,-1.93772,-0.160073,1.01809,-2.42835
0.714495,0.622164,1.32758,-1.93834,-0.180074,1.02007,-2.42412
0.725038,0.613439,1.32855,-1.93864,-0.200119,1.0218,-2.42001
0.735543,0.604491,1.32961,-1.93862,-0.220209,1.02329,-2.41598
0.745999,0.595357,1.33073,-1.93827,-0.240347,1.02454,-2.41196
0.756386,0.586074,1.33186,-1.9376,-0.260529,1.02554,-2.4079
0.766691,0.576685,1.333,-1.93662,-0.280739,1.02631,-2.40374
0.776897,0.567229,1.33409,-1.93534,-0.300965,1.02685,-2.39943
0.786991,0.557744,1.33513,-1.93375,-0.321196,1.02717,-2.39492
0.796957,0.548263,1.33609,-1.93187,-0.341423,1.0273,-2.39017
0.806784,0.538818,1.33694,-1.9297,-0.361641,1.02726,-2.38513
0.816464,0.529438,1.33766,-1.92723,-0.381838,1.02706,-2.37975
0.825987,0.520145,1.33823,-1.92446,-0.402001,1.02673,-2.37401
0.835343,0.510961,1.33863,-1.92139,-0.422122,1.0263,-2.36787
0.844525,0.501899,1.33884,-1.91804,-0.442209,1.0258,-2.36131
0.853532,0.492966,1.33891,-1.91441,-0.462268,1.02529,-2.35436
0.862363,0.484166,1.33884,-1.91052,-0.48229,1.02479,-2.34702
0.871023,0.475494,1.33866,-1.90637,-0.502267,1.02432,-2.33931
0.879526,0.466938,1.33841,-1.90197,-0.522192,1.02393,-2.33126
0.887881,0.458494,1.33811,-1.89731,-0.542064,1.02361,-2.32293
0.89609,0.450163,1.33777,-1.89241,-0.561885,1.02336,-2.31435
0.90415,0.441941,1.3374,-1.88727,-0.581662,1.02318,-2.30554
0.912052,0.433812,1.33699,-1.88189,-0.601407,1.02303,-2.2965
0.919788,0.425762,1.33655,-1.87626,-0.621125,1.02292,-2.28725
0.927356,0.417778,1.33608,-1.87039,-0.640813,1.02285,-2.27779
0.934752,0.409847,1.33562,-1.86427,-0.660467,1.02283,-2.26816
0.941973,0.401958,1.33518,-1.85792,-0.680085,1.02286,-2.25836
0.949017,0.394096,1.33476,-1.85132,-0.69966,1.02295,-2.24841
0.955882,0.386251,1.33439,-1.84449,-0.719193,1.02308,-2.23833
0.96257,0.378415,1.33407,-1.83743,-0.738693,1.02327,-2.22811
0.969079,0.370582,1.33381,-1.83012,-0.758178,1.02352,-2.21775
0.975405,0.362754,1.33357,-1.82257,-0.77765,1.02385,-2.20724
0.981543,0.354937,1.33337,-1.81477,-0.797111,1.02426,-2.19656
0.987488,0.347133,1.33317,-1.80673,-0.816552,1.02476,-2.18572
0.993235,0.339347,1.33299,-1.79845,-0.835967,1.02538,-2.1747
0.998782,0.331582,1.33281,-1.78994,-0.855343,1.02612,-2.16352
1.00413,0.323833,1.33264,-1.78121,-0.87467,1.027,-2.15219
1.00927,0.316084,1.3325,-1.77225,-0.893937,1.028,-2.14072
1.01421,0.308313,1.33244,-1.76307,-0.9131,1.02912,-2.12918
1.01896,0.300493,1.33248,-1.75366,-0.932143,1.03034,-2.11761
1.02352,0.292604,1.33264,-1.74401,-0.951068,1.03163,-2.10605
1.0279,0.284623,1.33295,-1.73412,-0.969885,1.03297,-2.09451
1.03209,0.27653,1.33343,-1.72399,-0.988603,1.03434,-2.083
1.03609,0.26831,1.33409,-1.71362,-1.00723,1.03573,-2.07153
1.03991,0.259945,1.33496,-1.70301,-1.02579,1.03711,-2.06013
1.04354,0.251422,1.33606,-1.69215,-1.04427,1.03849,-2.0488
1.047,0.242728,1.3374,-1.68105,-1.06269,1.03982,-2.03752
1.05027,0.233861,1.33899,-1.66972,-1.08105,1.0411,-2.02628
1.05335,0.224823,1.34084,-1.65814,-1.09935,1.04233,-2.01507
1.05619,0.215592,1.34295,-1.64648,-1.11753,1.04349,-2.00398
1.05879,0.206176,1.34527,-1.63468,-1.13565,1.04461,-1.99295
1.0612,0.196627,1.34778,-1.62257,-1.15377,1.0457,-1.98174
1.0635,0.186988,1.35045,-1.6099,-1.17207,1.04686,-1.97005
1.0657,0.177099,1.35327,-1.59631,-1.19095,1.04848,-1.95759
1.06765,0.16667,1.35627,-1.58149,-1.21065,1.05087,-1.94439
1.06938,0.15599,1.35953,-1.56603,-1.23052,1.05342,-1.93092
1.07084,0.145126,1.36314,-1.55016,-1.25031,1.05601,-1.91739
1.07203,0.134114,1.36711,-1.53398,-1.26994,1.05865,-1.9039
1.07294,0.122989,1.37144,-1.51751,-1.28942,1.06134,-1.89044
1.07358,0.111784,1.37611,-1.50079,-1.30875,1.06409,-1.877
1.07394,0.10053,1.38111,-1.48384,-1.32792,1.06693,-1.86357
1.07402,0.0892562,1.38641,-1.46667,-1.34692,1.0699,-1.85016
1.07382,0.0779938,1.39199,-1.4493,-1.36572,1.07303,-1.83675
1.07329,0.0667734,1.39781,-1.43192,-1.38431,1.07631,-1.8234
1.07244,0.0556638,1.40377,-1.41448,-1.40262,1.0798,-1.81008
1.07128,0.0447538,1.40982,-1.39683,-1.42066,1.08355,-1.79662
1.06984,0.0341073,1.4159,-1.37867,-1.43849,1.08771,-1.78278
1.06808,0.0235889,1.42198,-1.35953,-1.45633,1.09272,-1.76837
1.06574,0.0129537,1.42809,-1.33894,-1.4743,1.09895,-1.75341
1.06291,0.00251398,1.43405,-1.31785,-1.4919,1.1058,-1.73823
1.05963,-0.00760926,1.43979,-1.29652,-1.50892,1.11318,-1.72303
1.05591,-0.0173239,1.44527,-1.27489,-1.52524,1.1211,-1.70781
1.05178,-0.0265793,1.45045,-1.25271,-1.54083,1.12968,-1.69244
1.04715,-0.0355208,1.45531,-1.22962,-1.55581,1.1393,-1.67685
1.04173,-0.0443612,1.45988,-1.20505,-1.57021,1.15035,-1.66105
1.03567,-0.0527468,1.46392,-1.1799,-1.58368,1.16224,-1.64511
1.02903,-0.0605493,1.46745,-1.15427,-1.59602,1.17492,-1.62912
1.02178,-0.0678978,1.47058,-1.12778,-1.60726,1.18869,-1.61309
1.01362,-0.0750599,1.47347,-1.09974,-1.6175,1.20392,-1.59695
1.00464,-0.0819266,1.4761,-1.07052,-1.62677,1.22045,-1.58056
0.994596,-0.0886691,1.47864,-1.03977,-1.63506,1.23841,-1.56399
0.983592,-0.0951607,1.48103,-1.00792,-1.64238,1.25757,-1.54718
0.971301,-0.101709,1.48347,-0.97409,-1.64873,1.27826,-1.53021
0.957585,-0.108374,1.48591,-0.937649,-1.65422,1.30046,-1.51277
0.942119,-0.115264,1.48927,-0.89692,-1.65882,1.32511,-1.49459
0.923814,-0.122777,1.49534,-0.850226,-1.66253,1.3539,-1.47602
0.901209,-0.131788,1.50596,-0.795172,-1.66564,1.38889,-1.45837
0.871746,-0.144041,1.52269,-0.725772,-1.6689,1.43228,-1.44237
0.834602,-0.158861,1.54427,-0.639364,-1.67325,1.48131,-1.42573
0.79575,-0.171217,1.56555,-0.553694,-1.67986,1.52671,-1.4037
0.758869,-0.179724,1.58514,-0.484052,-1.68773,1.56441,-1.37801
0.725508,-0.185485,1.60295,-0.432339,-1.69523,1.59544,-1.35459
0.696581,-0.189588,1.61891,-0.397127,-1.70196,1.62122,-1.33704
0.672682,-0.192776,1.63299,-0.375821,-1.70828,1.64277,-1.32676
0.653507,-0.195617,1.64571,-0.364257,-1.71448,1.66112,-1.3238
0.638257,-0.198375,1.65762,-0.358595,-1.72076,1.67711,-1.32641
0.625989,-0.20137,1.66902,-0.356228,-1.72735,1.69155,-1.33247
0.615995,-0.204965,1.67976,-0.355598,-1.73456,1.7049,-1.34055
0.608567,-0.208814,1.68857,-0.358687,-1.74303,1.71589,-1.35033
0.604948,-0.212045,1.69391,-0.370937,-1.75351,1.72248,-1.36397
0.605939,-0.214794,1.6959,-0.394968,-1.76548,1.72438,-1.38355
0.611012,-0.217882,1.69559,-0.430105,-1.77778,1.72308,-1.41018
0.619986,-0.22164,1.693,-0.476112,-1.78946,1.71957,-1.44359
0.632746,-0.225997,1.68786,-0.531005,-1.79967,1.71455,-1.48321
0.648611,-0.230553,1.68034,-0.590177,-1.80753,1.70879,-1.52728
0.6662,-0.234894,1.67117,-0.647223,-1.81241,1.70317,-1.5723
0.683615,-0.238572,1.66094,-0.695366,-1.81438,1.69868,-1.61421
0.699032,-0.241251,1.65032,-0.730962,-1.81454,1.69592,-1.65109
0.711312,-0.243069,1.64023,-0.756909,-1.81378,1.6949,-1.68208
0.720648,-0.244109,1.63057,-0.777958,-1.81261,1.69495,-1.7087
0.727907,-0.244462,1.62081,-0.797377,-1.81124,1.69537,-1.73318
0.733886,-0.2443,1.61059,-0.81666,-1.80959,1.69579,-1.75711
0.739097,-0.243776,1.59977,-0.836168,-1.80751,1.6961,-1.7812
0.743781,-0.242985,1.58834,-0.855793,-1.80488,1.69635,-1.80562
0.748026,-0.241957,1.57638,-0.875327,-1.8017,1.69665,-1.83032
0.751848,-0.240697,1.56399,-0.894667,-1.79803,1.69709,-1.85524
0.755211,-0.239218,1.55129,-0.914121,-1.79401,1.69774,-1.88048
0.758148,-0.237515,1.53831,-0.933598,-1.78967,1.69859,-1.90603
0.760641,-0.235579,1.52528,-0.952682,-1.78506,1.69961,-1.9316
0.762684,-0.233408,1.51248,-0.970859,-1.78022,1.70078,-1.95659
0.764365,-0.231061,1.50022,-0.987543,-1.77519,1.70212,-1.98006
0.765667,-0.228607,1.4886,-1.00228,-1.77007,1.70372,-2.00126
0.766454,-0.226003,1.47743,-1.01613,-1.76506,1.70551,-2.02132
0.766795,-0.223272,1.46655,-1.02966,-1.76019,1.70737,-2.04094
0.766785,-0.220461,1.45593,-1.04309,-1.75548,1.70924,-2.06047
0.766481,-0.217612,1.44555,-1.05647,-1.75097,1.71108,-2.08004
0.765914,-0.214761,1.43543,-1.06977,-1.74668,1.71286,-2.09966
0.765095,-0.211941,1.42561,-1.08299,-1.74265,1.71458,-2.11934
0.764031,-0.209178,1.41611,-1.0961,-1.73889,1.71619,-2.13905
0.762725,-0.206499,1.40697,-1.1091,-1.73544,1.7177,-2.15879
0.761182,-0.203926,1.3982,-1.12197,-1.73233,1.71906,-2.17854
0.759401,-0.201485,1.38983,-1.13472,-1.72955,1.72026,-2.1983
0.757384,-0.199198,1.38188,-1.14733,-1.72713,1.72128,-2.21806
0.755141,-0.197091,1.37435,-1.15977,-1.72506,1.7221,-2.23781
0.752681,-0.195186,1.36724,-1.17204,-1.72334,1.7227,-2.25756
0.750008,-0.1935,1.36058,-1.18412,-1.72197,1.72309,-2.27728
0.747127,-0.192048,1.35435,-1.19601,-1.72096,1.72324,-2.29698
0.744044,-0.190846,1.34856,-1.2077,-1.72029,1.72314,-2.31664
0.740759,-0.18991,1.34321,-1.21919,-1.71997,1.72279,-2.33626
0.737276,-0.189254,1.33828,-1.23049,-1.71999,1.72218,-2.35583
0.733597,-0.188885,1.33378,-1.24157,-1.72035,1.72131,-2.37536
0.729728,-0.188802,1.32967,-1.25246,-1.72102,1.72017,-2.39483
0.725673,-0.189003,1.32593,-1.26316,-1.722,1.71878,-2.41425
0.721437,-0.189481,1.32255,-1.27367,-1.72324,1.71715,-2.43361
0.717024,-0.190231,1.3195,-1.28401,-1.72472,1.71527,-2.45292
0.712436,-0.191246,1.31677,-1.29416,-1.72642,1.71316,-2.47217
0.707673,-0.19252,1.31433,-1.30412,-1.72831,1.71083,-2.49136
0.702737,-0.194049,1.31216,-1.31388,-1.73038,1.7083,-2.51048
0.697625,-0.195827,1.31026,-1.32345,-1.73259,1.70558,-2.52953
0.692339,-0.19785,1.30862,-1.33281,-1.73493,1.70268,-2.54849
0.686877,-0.200113,1.30721,-1.34195,-1.73738,1.69962,-2.56736
0.681239,-0.202607,1.30602,-1.35088,-1.7399,1.6964,-2.58614
0.675421,-0.205323,1.30502,-1.35959,-1.74248,1.69305,-2.60481
0.669423,-0.208252,1.30421,-1.36805,-1.74508,1.68957,-2.62338
0.663248,-0.211389,1.30359,-1.37628,-1.74771,1.68598,-2.64186
0.656897,-0.214723,1.30317,-1.38427,-1.75036,1.68225,-2.66024
0.650372,-0.218238,1.30294,-1.39201,-1.75302,1.67838,-2.67855
0.643681,-0.221917,1.30292,-1.3995,-1.75569,1.67438,-2.69677
0.636829,-0.225758,1.30312,-1.40674,-1.75837,1.67022,-2.71492
0.629819,-0.229761,1.30353,-1.41373,-1.76107,1.66592,-2.73297
0.622653,-0.233928,1.30418,-1.42045,-1.76379,1.66148,-2.75091
0.615331,-0.238263,1.30506,-1.42688,-1.76653,1.65692,-2.76874
0.607856,-0.242766,1.30617,-1.43302,-1.76929,1.65224,-2.78645
0.600234,-0.24743,1.30751,-1.43888,-1.77208,1.64747,-2.80402
0.592467,-0.252246,1.30907,-1.44445,-1.77486,1.64261,-2.82147
0.584555,-0.25721,1.31083,-1.44973,-1.77766,1.63767,-2.83878
0.576503,-0.262312,1.31279,-1.45471,-1.78047,1.63267,-2.85595
0.568316,-0.267547,1.31492,-1.45941,-1.78328,1.6276,-2.87299
0.56,-0.272912,1.31723,-1.46383,-1.78611,1.62246,-2.88988
0.551554,-0.278403,1.3197,-1.46796,-1.78896,1.61727,-2.90663
0.542981,-0.284015,1.32234,-1.4718,-1.79181,1.61203,-2.92323
0.534278,-0.289741,1.32514,-1.47534,-1.79468,1.60674,-2.93966
0.525449,-0.29558,1.3281,-1.47859,-1.79757,1.6014,-2.95593
0.516494,-0.301527,1.33121,-1.48154,-1.80047,1.59603,-2.97203
0.507415,-0.307579,1.33449,-1.48418,-1.80339,1.59061,-2.98795
0.498214,-0.313735,1.33793,-1.48651,-1.80634,1.58517,-3.00369
0.488895,-0.319987,1.34154,-1.48855,-1.80929,1.57969,-3.01925
0.479457,-0.326326,1.34531,-1.49027,-1.81225,1.5742,-3.03463
0.469906,-0.332737,1.34924,-1.49168,-1.81523,1.56868,-3.04983
0.460239,-0.339207,1.3533,-1.49279,-1.8182,1.56314,-3.06482
0.450458,-0.34573,1.35751,-1.4936,-1.82117,1.55758,-3.07962
0.440562,-0.352298,1.36185,-1.4941,-1.82413,1.552,-3.09421
0.43055,-0.358904,1.36633,-1.49429,-1.82709,1.54642,-3.1086
0.420424,-0.365543,1.37093,-1.49419,-1.83004,1.54084,-3.12278
0.410186,-0.372206,1.37566,-1.49378,-1.83298,1.53528,-3.13676
0.39984,-0.378888,1.38051,-1.49309,-1.8359,1.52974,-3.15052
0.388125,-0.387728,1.38112,-1.49909,-1.83288,1.52872,-3.16619
0.376572,-0.393428,1.38078,-1.50035,-1.83209,1.52746,-3.18112
0.36499,-0.397778,1.38079,-1.49977,-1.83149,1.52597,-3.19552
0.353376,-0.401502,1.38125,-1.4984,-1.83069,1.52442,-3.20955
0.341735,-0.404895,1.38203,-1.4966,-1.82968,1.52291,-3.22329
0.330059,-0.408083,1.38302,-1.49447,-1.8285,1.52147,-3.23678
0.318336,-0.411124,1.38414,-1.49206,-1.82717,1.52014,-3.25005
0.306555,-0.414045,1.38532,-1.48937,-1.82572,1.51891,-3.2631
0.294705,-0.416856,1.38655,-1.48639,-1.82413,1.51781,-3.27594
0.282785,-0.419558,1.38781,-1.48314,-1.82241,1.51686,-3.28858
0.2708,-0.422149,1.38907,-1.47962,-1.82056,1.51605,-3.30103
0.258756,-0.424625,1.39033,-1.47584,-1.81857,1.51541,-3.31327
0.246659,-0.426985,1.39159,-1.47179,-1.81646,1.51494,-3.3253
0.234519,-0.429228,1.39286,-1.46749,-1.81421,1.51464,-3.33713
0.222342,-0.431352,1.39411,-1.46296,-1.81183,1.51453,-3.34877
0.210135,-0.433355,1.39535,-1.4582,-1.80929,1.51461,-3.36021
0.197901,-0.435231,1.39656,-1.45322,-1.8066,1.51489,-3.37146
0.185641,-0.436975,1.39773,-1.44801,-1.80375,1.51536,-3.38251
0.17336,-0.438582,1.39885,-1.44258,-1.80072,1.51603,-3.39336
0.161064,-0.44005,1.39991,-1.43694,-1.79752,1.51689,-3.40402
0.14876,-0.441381,1.40091,-1.43109,-1.79415,1.51795,-3.4145
0.136454,-0.442578,1.40186,-1.42504,-1.79061,1.51919,-3.42479
0.124145,-0.443647,1.40276,-1.41878,-1.78689,1.52061,-3.43489
0.111833,-0.444591,1.4036,-1.41232,-1.78301,1.5222,-3.4448
0.0995185,-0.445413,1.4044,-1.40567,-1.77897,1.52395,-3.45451
0.0872035,-0.446116,1.40516,-1.39883,-1.77476,1.52586,-3.46403
0.0748904,-0.446702,1.40587,-1.39182,-1.7704,1.52792,-3.47335
0.0625789,-0.447173,1.40656,-1.38461,-1.76588,1.53012,-3.48245
0.0502693,-0.447529,1.40721,-1.37719,-1.7612,1.53245,-3.4913
0.0379627,-0.44777,1.40783,-1.36955,-1.75635,1.53491,-3.49989
0.0256625,-0.447898,1.40842,-1.3617,-1.75134,1.5375,-3.50821
0.0133718,-0.447916,1.40897,-1.35362,-1.74615,1.54021,-3.51626
0.00109376,-0.447825,1.40948,-1.34533,-1.7408,1.54303,-3.52405
-0.0111648,-0.447629,1.40995,-1.33683,-1.73528,1.54596,-3.53156
-0.023402,-0.447331,1.41037,-1.32813,-1.72959,1.549,-3.5388
-0.0356155,-0.446933,1.41075,-1.31921,-1.72372,1.55214,-3.54577
-0.0478,-0.44644,1.41107,-1.3101,-1.71769,1.55538,-3.55248
-0.0599512,-0.445855,1.41134,-1.3008,-1.71149,1.5587,-3.55891
-0.072067,-0.445183,1.41155,-1.29131,-1.70513,1.5621,-3.56509
-0.0841455,-0.444427,1.41171,-1.28162,-1.69859,1.56558,-3.57099
-0.0961885,-0.443593,1.41181,-1.27176,-1.69189,1.56912,-3.57664
-0.108201,-0.442683,1.41184,-1.26173,-1.68502,1.57274,-3.58203
-0.120191,-0.441698,1.4118,-1.25151,-1.67798,1.57641,-3.58716
-0.132162,-0.440639,1.41168,-1.24113,-1.67076,1.58015,-3.59203
-0.144114,-0.439507,1.41146,-1.23058,-1.66335,1.58393,-3.59665
-0.155941,-0.43826,1.41107,-1.2201,-1.65574,1.58774,-3.60087
-0.167767,-0.436911,1.41059,-1.20958,-1.64791,1.59158,-3.6047
-0.179786,-0.435517,1.41009,-1.19876,-1.63984,1.59554,-3.60823
-0.192301,-0.434154,1.40962,-1.18717,-1.63144,1.59965,-3.61164
-0.205759,-0.432846,1.40934,-1.1742,-1.62251,1.6039,-3.61535
-0.220325,-0.431576,1.40941,-1.15972,-1.61287,1.6082,-3.61969
-0.235291,-0.430262,1.40938,-1.14456,-1.60277,1.61248,-3.62364
-0.250402,-0.428886,1.40918,-1.12901,-1.59231,1.61677,-3.62713
-0.265542,-0.427438,1.40875,-1.11321,-1.58153,1.62106,-3.6302
-0.280649,-0.425913,1.40809,-1.09722,-1.57043,1.62536,-3.6329
-0.29569,-0.424307,1.40717,-1.08108,-1.55902,1.62967,-3.63525
-0.310645,-0.422617,1.40596,-1.06482,-1.5473,1.63396,-3.63727
-0.3255,-0.420839,1.40446,-1.04847,-1.53524,1.63824,-3.63896
-0.340247,-0.418972,1.40264,-1.03205,-1.52285,1.6425,-3.64035
-0.354798,-0.416976,1.40043,-1.01582,-1.5101,1.64671,-3.6413
-0.369232,-0.414863,1.3979,-0.999657,-1.497,1.65092,-3.64185
-0.383677,-0.412678,1.39509,-0.983324,-1.48351,1.65518,-3.64205
-0.398334,-0.410489,1.39202,-0.96639,-1.46955,1.65949,-3.64205
-0.41353,-0.408313,1.38881,-0.9483,-1.45491,1.66377,-3.64221
-0.429384,-0.40613,1.38555,-0.928987,-1.43943,1.6679,-3.64287
-0.445304,-0.403846,1.38181,-0.909495,-1.42335,1.6718,-3.64299
-0.461153,-0.401474,1.37766,-0.890084,-1.40686,1.67556,-3.64264
-0.476905,-0.399066,1.37315,-0.870916,-1.39006,1.67926,-3.64199
-0.492545,-0.396686,1.3683,-0.852031,-1.37297,1.6829,-3.64122
-0.508299,-0.394385,1.36326,-0.833016,-1.35549,1.68641,-3.64083
-0.524246,-0.392174,1.35817,-0.813919,-1.33753,1.68973,-3.64117
-0.540063,-0.390066,1.35279,-0.795119,-1.3193,1.69283,-3.64144
-0.555767,-0.38807,1.34721,-0.776262,-1.30081,1.69575,-3.64199
-0.571481,-0.386187,1.34163,-0.757068,-1.28195,1.69856,-3.6433
-0.587255,-0.38441,1.33594,-0.73729,-1.26269,1.70139,-3.64497
-0.603229,-0.38301,1.33028,-0.71659,-1.24277,1.70439,-3.64819
-0.618589,-0.382281,1.32381,-0.696593,-1.22182,1.70744,-3.65378
-0.631876,-0.382178,1.31569,-0.680305,-1.1994,1.71016,-3.66364
-0.641593,-0.382022,1.30551,-0.671223,-1.1753,1.71208,-3.67967
-0.646438,-0.380995,1.29327,-0.672585,-1.15031,1.71375,-3.70118
-0.645785,-0.378799,1.27856,-0.684778,-1.12669,1.71637,-3.72205
-0.640525,-0.375618,1.26221,-0.70408,-1.10593,1.72073,-3.74033
-0.631949,-0.37167,1.24526,-0.727362,-1.08788,1.72682,-3.75722
-0.621222,-0.367066,1.22833,-0.75283,-1.07179,1.73435,-3.77358
-0.609317,-0.361915,1.21167,-0.778963,-1.05716,1.743,-3.78901
-0.596929,-0.356297,1.1953,-0.804743,-1.04355,1.75243,-3.80327
-0.584274,-0.350284,1.17911,-0.830259,-1.0306,1.76249,-3.81647
-0.571564,-0.343972,1.16299,-0.855192,-1.0182,1.77296,-3.82816
-0.558758,-0.337336,1.14691,-0.880376,-1.00609,1.78378,-3.83913
-0.54606,-0.33038,1.13097,-0.905628,-0.994212,1.79493,-3.84961
-0.533788,-0.323178,1.11534,-0.930416,-0.982625,1.8064,-3.8593
-0.522123,-0.315821,1.09994,-0.953974,-0.971391,1.81802,-3.86763
-0.51053,-0.308248,1.08446,-0.977667,-0.960352,1.82979,-3.87511
-0.498843,-0.300469,1.0689,-1.00159,-0.949474,1.84172,-3.88204
-0.4872,-0.29252,1.05343,-1.02528,-0.938749,1.85377,-3.88853
-0.475996,-0.284442,1.03825,-1.04807,-0.928107,1.86585,-3.8945
-0.465679,-0.276333,1.02349,-1.06929,-0.91756,1.87791,-3.89957
-0.456439,-0.268293,1.0091,-1.08859,-0.907142,1.88978,-3.90318
-0.447665,-0.260204,0.994777,-1.10745,-0.896802,1.90155,-3.90606
-0.439064,-0.252052,0.980497,-1.12628,-0.886589,1.91331,-3.9085
-0.43049,-0.24385,0.966283,-1.14521,-0.876564,1.92509,-3.91062
-0.421865,-0.235609,0.952157,-1.16426,-0.866769,1.93692,-3.91245
-0.413145,-0.227341,0.938138,-1.18342,-0.857243,1.94879,-3.91401
-0.404302,-0.219062,0.924236,-1.20267,-0.848011,1.9607,-3.9153
-0.395315,-0.210781,0.910463,-1.222,-0.8391,1.97262,-3.91631
-0.386166,-0.202506,0.896832,-1.24138,-0.830535,1.98453,-3.91705
-0.376837,-0.194242,0.883368,-1.26081,-0.822353,1.99643,-3.9175
-0.367309,-0.185991,0.870094,-1.28025,-0.814593,2.00828,-3.9177
-0.357353,-0.177732,0.856857,-1.30014,-0.807241,2.02006,-3.91745
-0.347075,-0.169531,0.843722,-1.32019,-0.800207,2.03169,-3.91675
-0.336827,-0.161458,0.830877,-1.33984,-0.793369,2.04307,-3.91567
-0.327185,-0.153586,0.818533,-1.35829,-0.786591,2.0541,-3.91426
-0.318762,-0.146052,0.806896,-1.37473,-0.779837,2.06467,-3.91234
-0.31177,-0.138958,0.795892,-1.38876,-0.773103,2.07459,-3.90949
-0.305239,-0.131993,0.785057,-1.40207,-0.766454,2.08409,-3.90632
-0.298816,-0.125109,0.774342,-1.41513,-0.759954,2.09331,-3.90297
-0.29236,-0.118315,0.763773,-1.42806,-0.753667,2.10227,-3.89947
-0.2858,-0.111621,0.75337,-1.44089,-0.747644,2.11102,-3.89583
-0.2791,-0.105034,0.743147,-1.45361,-0.741927,2.11955,-3.89208
-0.272237,-0.0985597,0.733119,-1.46622,-0.736557,2.12787,-3.88823
-0.265201,-0.0922061,0.723284,-1.47871,-0.731561,2.13596,-3.88432
-0.257984,-0.0859775,0.713634,-1.49107,-0.726951,2.14383,-3.88036
-0.250577,-0.0798719,0.704158,-1.5033,-0.722733,2.15146,-3.87637
-0.242975,-0.0738805,0.694842,-1.51539,-0.718898,2.15885,-3.87233
-0.235175,-0.0679935,0.685672,-1.52736,-0.715432,2.16,-3.86826
-0.22596,-0.0635205,0.678847,-1.53935,-0.714591,2.16,-3.86497
-0.215464,-0.060325,0.673891,-1.55121,-0.716124,2.16,-3.86274
-0.20467,-0.0581283,0.670384,-1.56223,-0.719079,2.16,-3.8616
-0.195159,-0.0567917,0.668265,-1.57123,-0.722498,2.16,-3.86161
-0.18862,-0.0564184,0.667679,-1.57676,-0.725721,2.16,-3.86241
