target_path: "rotation"
init_config: [0.75435628406940525, 0.5875776197718009, 4.5653725089648711, 2.1997877289722894, 3.4548940938617987, 1.3296495814056504, -1.1181117201164357]
init_pose: [0.8, 0.0, 0.35, 0.0, 0.0, 0.0, 1.0]
