target_path: "square.txt"
init_config: [0.0272933, -0.0157441, 0.075843, -0.858345, 3.1045, -0.872314, 3.0895853]
init_pose: [1.1, 0.0, 0.66, 0.0, 0.0, 0.0, 1.0]
